Intercept: -0.097057
DEM: -0.069719
Capital: -1.004004
